geocommit (1.0)
lat: 62.598822
long: 29.76217
alt: 90.0
hacc: 65.0
vacc: 10.0
src: cl
